street:0,245,1400,horizontal:50,300,3;100,300,2;200,300,4;250,300,5;300,300,1;350,300,2;400,300,3;450,300,5;500,300,4;550,300,1;600,300,2;650,300,5;1000,300,4;1200,300,-4
street:150,0,1200,vertical:205,50,1;205,100,4;205,150,-2;205,200,2;205,250,5;205,300,2;205,800,1;205,550,-1;205,1250,-3
street:450,0,1200,vertical:505,350,2;505,400,3;505,450,2;505,500,-2;505,550,-5;505,580,2;505,780,-2
street:0,10,1400,horizontal
street:0,520,1400,horizontal
street:0,950,1400,horizontal:50,1000,3;100,1000,2;800,1000,4;650,1000,5;300,300,1;350,1000,2;400,1000,3;450,1000,5;500,1000,4;550,1000,1;600,1000,2;150,1000,5;1000,1000,4;1200,1000,-4
street:750,0,1200,vertical:800,50,1;205,100,4;800,150,-2;800,200,2;800,250,5;205,300,2;800,800,1;205,550,-1;800,1250,-3
street:1050,0,1200,vertical:1100,350,2;1100,400,3;1100,450,2;1100,500,-2;1100,550,-5;1100,580,2;1100,780,-2
street:0,755,1400,horizontal
street:0,1100,1400,horizontal
light:120,90
light:355,90
light:590,90
light:0,295
light:240,295
light:470,295
light:700,295
light:120,500
light:355,500
light:590,500
light:945,90
light:945,500
light:1060,90
light:1060,500
light:1295,90
light:1295,500
light:930,295
light:1160,295
light:1390,295
light:120,910
light:355,910
light:590,910
light:0,590
light:240,590
light:470,590
light:700,590
light:0,885
light:240,885
light:470,885
light:700,885
light:0,1180
light:240,1180
light:470,1180
light:700,1180
light:940,590
light:1180,590
light:1400,590
light:940,885
light:1180,885
light:1400,885
light:0,1180
light:940,1180
light:1180,1180
light:1400,1180