street:0,245,700,horizontal:50,300,3;100,300,2;200,300,4;250,300,5;300,300,1;350,300,2;400,300,3;450,300,5;500,300,4;550,300,1;600,300,2;650,300,5
street:150,0,600,vertical:205,50,1;205,100,4;205,150,-2;205,200,2;205,250,5;205,300,2
street:450,0,600,vertical:505,350,2;505,400,3;505,450,2;505,500,-2;505,550,-5;505,600,2
light:150,75
light:260,75
light:450,75
light:560,75
light:150,215
light:150,355
light:290,215
light:290,355
light:420,215
light:420,355
light:560,215
light:560,355
light:150,500
light:290,500
light:420,500
light:560,500